0000000
0000000
0000000
0000000
0000000
0001000
1
0000000
0000000
0000000
0000000
0000000
0201010
1
0000000
0000000
0000000
0000000
0001000
0201210
1
0000000
0000000
0000000
0000000
0001100
2201210
1
0000000
0000000
0000000
0001200
0001100
2201210
1
0000000
0000000
0001000
0001200
0001100
2221210
1
0000000
0002000
0001000
0001200
0011100
2221210
1
0000000
0002000
0011000
0021200
0011100
2221210
1
0000000
0002000
0011000
0021200
2011110
2221210
1
0000000
0002000
1011000
2021200
2011110
2221210
1
0000000
0002000
1011100
2021200
2211110
2221210
1
0000000
0012200
1011100
2021200
2211110
2221210
1
